299
256 287 749
36 146 798
163 219 688
137 237 6
31 221 266
43 270 386
226 227 304
81 298 759
60 66 900
149 244 648
17 234 797
179 279 837
148 265 194
11 13 459
53 73 196
247 262 454
71 93 574
89 104 799
149 176 996
31 281 835
137 261 976
256 274 896
119 294 828
17 145 842
97 153 295
299 300 221
89 161 371
70 231 367
101 128 553
135 249 174
121 236 636
228 243 298
77 86 491
173 199 138
188 292 368
90 144 729
69 224 99
141 246 923
203 291 254
251 254 533
131 158 902
14 60 68
255 269 815
177 263 176
185 284 668
82 273 348
202 223 437
25 260 347
233 250 244
217 275 329
158 248 885
269 289 864
62 203 914
71 230 980
98 299 456
3 226 427
182 259 52
56 62 813
69 103 754
263 283 19
166 177 999
266 268 412
2 30 63
169 173 196
81 179 111
72 79 708
259 267 521
174 183 847
229 297 345
69 211 692
110 282 339
122 129 18
260 277 427
160 184 513
75 82 287
206 232 332
150 222 578
211 264 922
200 228 240
51 61 673
196 213 409
216 272 204
122 154 478
134 147 470
50 65 417
68 210 329
284 288 326
233 256 676
23 90 883
181 189 558
41 126 150
90 98 566
282 285 93
100 220 770
33 215 445
124 271 892
89 148 568
162 163 893
33 181 249
251 286 121
36 80 549
5 217 702
255 293 478
44 101 397
38 116 289
43 106 567
47 68 269
39 296 673
26 137 920
71 238 275
227 295 607
114 200 187
189 216 58
184 198 158
87 207 432
60 99 947
154 159 148
187 276 917
72 233 258
111 202 928
91 149 831
62 122 445
7 290 491
121 208 24
140 258 869
47 53 992
120 170 604
149 169 127
26 111 240
12 162 414
24 110 764
167 206 110
30 81 959
18 31 454
160 194 484
222 257 193
104 115 385
119 135 198
73 190 170
10 58 538
4 142 969
60 278 910
114 133 489
24 201 895
9 22 171
93 157 272
208 242 902
78 174 667
93 266 343
68 130 331
4 136 213
12 39 326
166 240 581
160 175 463
193 212 151
167 247 468
68 74 150
71 218 714
82 205 603
7 88 944
25 51 445
92 109 828
23 197 715
126 239 308
40 152 153
78 118 911
51 235 412
202 229 919
122 141 489
19 87 702
47 100 594
36 139 362
119 156 419
155 192 258
66 76 58
186 209 675
39 171 489
46 125 448
84 167 761
11 166 963
145 245 36
10 185 740
36 187 742
205 241 706
223 251 904
182 188 996
65 113 227
89 196 819
23 138 887
35 55 356
18 44 815
185 195 657
171 225 791
59 124 447
67 140 428
250 253 168
126 132 246
258 280 770
4 193 404
231 252 910
87 121 795
82 214 482
107 119 544
89 92 311
72 150 639
74 151 897
36 134 27
159 255 637
5 12 95
53 78 441
18 160 125
103 165 253
42 89 937
63 107 593
47 131 864
19 37 760
89 102 744
30 143 355
124 172 197
173 182 972
112 164 623
36 56 230
164 178 425
62 186 260
26 94 304
12 20 707
48 191 226
11 69 606
29 32 626
69 95 994
154 155 121
77 120 62
47 72 731
28 67 310
14 96 849
99 168 265
35 114 429
171 180 237
3 117 114
18 42 218
22 105 408
117 123 922
63 84 150
34 57 415
60 64 45
49 83 4
161 204 444
11 35 620
3 28 272
5 14 19
78 97 134
24 34 538
23 77 627
2 54 723
10 38 377
54 85 872
14 15 95
47 50 424
89 112 950
70 127 690
7 108 568
37 59 599
27 63 934
5 9 111
31 47 588
39 46 591
37 49 909
24 36 702
36 43 575
37 41 512
13 27 297
20 23 715
16 18 237
11 16 646
24 75 163
62 91 19
40 70 948
23 40 867
3 29 468
20 48 3
49 52 565
33 45 625
4 19 967
52 71 356
10 33 440
22 25 390
1 5 185
16 26 110
7 11 18
2 10 918
12 24 887
4 6 354
3 7 15
1 3 418
14 17 495
13 21 962
2 8 34
1 2 661
1 4 35